[A_triangle,detA,x] = Georgiou_Remi_IT13t_S7_Aufg2([1 3 3;2 6 9;-3 -3 3],[2;5;0])

lambda =

   -0.6667


M =

    -3    -3     3     0
     0     4    11     5
     1     3     3     2


lambda =

   -0.3333


M =

    -3    -3     3     0
     0     4    11     5
     0     2     4     2


lambda =

    0.5000


M =

   -3.0000   -3.0000    3.0000         0
         0    4.0000   11.0000    5.0000
         0         0   -1.5000   -0.5000


A_triangle =

   -3.0000   -3.0000    3.0000
         0    4.0000   11.0000
         0         0   -1.5000


detA =

    18


x =

         0
    0.3333
    0.3333

diary('Diary_Aufgabe2.txt')
