n=[20 100 500 1000 2000 3000 4000 5000 6000];
H = [4 33 154 328 700 1003 1327 1650 2031];
hn=H./n