[A_triangle,detA,x] = Georgiou_Remi_IT13t_S7_Aufg2([20 10 0;50 30 20;200 150 100],[150;470;2150])

M =

   1.0e+03 *

    0.2000    0.1500    0.1000    2.1500
         0   -0.0075   -0.0050   -0.0675
         0   -0.0050   -0.0100   -0.0650


M =

   1.0e+03 *

    0.2000    0.1500    0.1000    2.1500
         0   -0.0075   -0.0050   -0.0675
         0         0   -0.0067   -0.0200


M =

   1.0e+03 *

    0.2000    0.1500    0.1000    2.1500
         0   -0.0075   -0.0050   -0.0675
         0         0   -0.0067   -0.0200


A_triangle =

  200.0000  150.0000  100.0000
         0   -7.5000   -5.0000
         0         0   -6.6667


detA =

       10000


x =

     4
     7
     3

diary('Georgiou_Remi_IT13t_S7_Aufg2_Diary.txt')
diary off
